res,treatment,midx,cidx
6.33691398789296,1,5,1
6.30626999798174,1,5,2
6.30322780372021,1,5,3
6.29319463363087,1,2,4
6.28110329334032,1,5,5
6.24930884484092,1,4,6
6.2286267121636,1,7,7
6.22282604723834,1,4,8
6.21351972159311,1,11,9
6.19421938363576,1,7,10
6.18774856558864,1,7,11
6.17262158058722,1,3,12
6.14755817184346,1,5,13
6.14736973581964,1,2,14
6.12859939341648,1,4,15
6.11991296546353,1,3,16
6.09742082405975,1,8,17
6.09335316297641,1,5,18
6.08031450625612,1,10,19
6.04158031426428,1,6,20
6.04032219098711,1,8,21
6.02323552039486,1,3,22
6.01947622921751,1,5,23
6.01912490686107,1,8,24
6.00247959871904,1,8,25
5.9969976449502,1,5,26
5.99687022421284,1,5,27
5.99088923347556,1,7,28
5.98689224543094,1,8,29
5.98336971585817,1,8,30
5.98059964493217,1,3,31
5.95284079217735,1,8,32
5.9271385313897,1,4,33
5.91664139868453,1,5,34
5.90546370268205,1,7,35
5.8782196631988,1,6,36
5.84482211071417,1,3,37
5.82918242578938,1,7,38
5.82361151207094,1,5,39
5.82157330078666,1,5,40
5.81263552369576,1,4,41
5.79984330269241,1,5,42
5.79077533869503,1,3,43
5.78443774863516,1,3,44
5.78376115841146,1,8,45
5.77971792851539,1,1,46
5.77527126596461,1,6,47
5.77089962033544,1,2,48
5.76577436320414,1,10,49
5.75699030974454,1,9,50
5.7426328598734,1,8,51
5.74020895077815,1,3,52
5.73887238933525,1,5,53
5.72867937986117,1,8,54
5.71230730572612,1,5,55
5.70558979919403,1,3,56
5.70255136074691,1,3,57
5.70055109175782,1,2,58
5.68701161451352,1,6,59
5.66889438334871,1,5,60
5.65283234890488,1,8,61
5.65096091963426,1,7,62
5.63157671820503,1,10,63
5.62818893372007,1,2,64
5.62492070858469,1,8,65
5.62181874438185,1,9,66
5.60474901274408,1,2,67
5.60112837343227,1,5,68
5.58926180575175,1,3,69
5.58332705463285,1,3,70
5.56561561918734,1,2,71
5.53923203923694,1,11,72
5.53746657094164,1,7,73
5.53356821388974,1,1,74
5.53238774029063,1,4,75
5.52642079082896,1,7,76
5.51879635497959,1,8,77
5.51238679832337,1,8,78
5.50594528554138,1,5,79
5.50183163550252,1,7,80
5.49845580080568,1,7,81
5.49583342451775,1,8,82
5.48483057784881,1,7,83
5.46921006070473,1,4,84
5.45813892751791,1,8,85
5.45441266101318,1,1,86
5.4534522097014,1,7,87
5.4308849328434,1,3,88
5.42462954626376,1,8,89
5.41693094616919,1,5,90
5.40101756905599,1,7,91
5.39559634777834,1,5,92
5.36056276835819,1,11,93
5.35058408505626,1,2,94
5.34919391040162,1,2,95
5.3483403600387,1,5,96
5.33707741599421,1,8,97
5.32871029481633,1,1,98
5.32513661530177,1,7,99
5.31965955901725,1,8,100
5.30557151758124,1,5,101
5.29539523453541,1,5,102
5.28604404245719,1,4,103
5.277711435755,1,1,104
5.2444226390294,1,7,105
5.24327519378453,1,7,106
5.24275779942191,1,3,107
5.24200421529979,1,3,108
5.24157492724399,1,7,109
5.24092325570023,1,3,110
5.24019239732118,1,2,111
5.19790300428156,1,2,112
5.19357217952063,1,1,113
5.19330238253506,1,8,114
5.19141545384859,1,8,115
5.18832825172805,1,3,116
5.18463643342704,1,4,117
5.17718159893717,1,1,118
5.17614941617371,1,2,119
5.16798104369946,1,8,120
5.16615319322195,1,8,121
5.15895067867669,1,7,122
5.15768243107872,1,3,123
5.15147528366097,1,1,124
5.14624786215541,1,11,125
5.14577492616114,1,5,126
5.14484327479855,1,4,127
5.12047885543743,1,8,128
5.11169539762984,1,7,129
5.10104949816674,1,8,130
5.10070819024462,1,8,131
5.09080771396459,1,1,132
5.08827921876889,1,2,133
5.08650104742396,1,3,134
5.08305485704473,1,9,135
5.08076184250022,1,7,136
5.07390654507995,1,7,137
5.06795955259703,1,3,138
5.06151354928102,1,2,139
5.05885337990534,1,3,140
5.04266472833296,1,5,141
5.03749099384645,1,3,142
5.0341360158964,1,3,143
5.02852658039852,1,8,144
5.02806909513368,1,4,145
5.0261107287855,1,3,146
5.01941685187446,1,5,147
5.01654281506126,1,8,148
5.01119950978477,1,10,149
5.00499141478237,1,1,150
4.99964412923478,1,8,151
4.98767818584318,1,9,152
4.98556775870357,1,8,153
4.95664786347178,1,1,154
4.94579343250761,1,7,155
4.93505096431014,1,4,156
4.91993714625089,1,11,157
4.89951934697409,1,8,158
4.88456436344925,1,2,159
4.8809275992405,1,3,160
4.87875236624154,1,7,161
4.85243749782339,1,5,162
4.84994883849065,1,5,163
4.83547417816576,1,1,164
4.81455395311862,1,7,165
4.81018559405225,1,3,166
4.8045389915039,1,8,167
4.79511663781518,1,7,168
4.7864600537571,1,4,169
4.78093715841343,1,8,170
4.7767232882144,1,3,171
4.77667178114013,1,2,172
4.77584761335594,1,6,173
4.77346801893557,1,10,174
4.76517764612277,1,6,175
4.75823868509296,1,2,176
4.75392368161794,1,9,177
4.7531273159942,1,5,178
4.75050716715646,1,3,179
4.71476444480992,1,3,180
4.69728754259041,1,2,181
4.68615398009211,1,7,182
4.67933807699445,1,5,183
4.67326330585687,1,8,184
4.66216796425207,1,8,185
4.6604327877494,1,8,186
4.64061138950685,1,8,187
4.63172006714359,1,7,188
4.62530574159729,1,7,189
4.62143410450516,1,9,190
4.62042078768681,1,2,191
4.61411787553174,1,4,192
4.60132989232747,1,2,193
4.59451958689053,1,4,194
4.59173516721557,1,7,195
4.59056484926592,1,2,196
4.5891068379757,1,7,197
4.58473728541133,1,1,198
4.58291134041853,1,7,199
4.58264493723311,1,2,200
4.57689415262712,1,1,201
4.57647891575312,1,4,202
4.57628438870282,1,8,203
4.56068995970348,1,6,204
4.55563519423,1,1,205
4.55285411858719,1,8,206
4.53112453839286,1,4,207
4.53029647181213,1,7,208
4.52626233304028,1,1,209
4.51835360312202,1,11,210
4.5183072876726,1,8,211
4.48433535727742,1,8,212
4.48297713526618,1,9,213
4.46846188682794,1,8,214
4.46589925093476,1,9,215
4.45745896654119,1,4,216
4.45617214257954,1,8,217
4.44682910595097,1,7,218
4.44646700011735,1,8,219
4.44609407633732,1,7,220
4.42297563363002,1,8,221
4.41926816477059,1,7,222
4.41775627449003,1,8,223
4.41377936334962,1,1,224
4.41376698270754,1,2,225
4.4126411226425,1,2,226
4.41205549641472,1,8,227
4.41044819797789,1,6,228
4.400393417083,1,11,229
4.39808517020511,1,3,230
4.39732353051812,1,4,231
4.39302674192591,1,10,232
4.38603131243434,1,5,233
4.38019638168292,1,2,234
4.37773905348972,1,2,235
4.37050332972385,1,3,236
4.36565319619339,1,3,237
4.34634483354005,1,8,238
4.34598287865743,1,6,239
4.34471705427021,1,3,240
4.33889279387899,1,10,241
4.3371155872439,1,5,242
4.32557146831622,1,1,243
4.32533272109109,1,1,244
4.3168468326951,1,7,245
4.3138239507307,1,1,246
4.31127580769291,1,4,247
4.3079225722715,1,1,248
4.30466770143652,1,10,249
4.30324230794271,1,1,250
4.30134464438606,1,1,251
4.29889293730017,1,1,252
4.28203178998375,1,2,253
4.27466407601729,1,2,254
4.27356801437273,1,3,255
4.27262764553221,1,1,256
4.26596877498321,1,8,257
4.26130006452733,1,1,258
4.2612378342083,1,8,259
4.25818858616659,1,10,260
4.25288199800614,1,3,261
4.25067582959397,1,7,262
4.24855397118975,1,1,263
4.24855321291226,1,2,264
4.24693659073999,1,5,265
4.2462289623996,1,3,266
4.24368509321643,1,8,267
4.22845816916235,1,7,268
4.22738008835058,1,7,269
4.22585837921993,1,10,270
4.18960492522291,1,5,271
4.18269979685546,1,5,272
4.18169397107589,1,10,273
4.17801264143948,1,1,274
4.17474576652091,1,5,275
4.16444097597184,1,5,276
4.15812722923057,1,7,277
4.14488980663748,1,3,278
4.14460164346103,1,1,279
4.14017746723041,1,8,280
4.12780898679109,1,8,281
4.12602438138475,1,2,282
4.11936234299475,1,1,283
4.11904829996555,1,3,284
4.11729157737494,1,7,285
4.11645674398144,1,8,286
4.11459037986199,1,6,287
4.10741403313578,1,11,288
4.10127689181617,1,8,289
4.09799106123105,1,7,290
4.08996900624951,1,1,291
4.08799133186486,1,2,292
4.08710464250276,1,7,293
4.07535692278891,1,2,294
4.07508010781082,1,8,295
4.06985344515724,1,4,296
4.06851669959565,1,3,297
4.06343364072929,1,5,298
4.05495800759601,1,1,299
4.05340658826558,1,9,300
4.04960111398274,1,8,301
4.04891812677453,1,5,302
4.04490614575219,1,1,303
4.04392020861442,1,8,304
4.04354275085765,1,5,305
4.0417347386905,1,6,306
4.04001530557693,1,1,307
4.03975040507261,1,6,308
4.03454545367664,1,7,309
4.03379520698405,1,7,310
4.0224436626163,1,1,311
4.01849129329565,1,2,312
4.01261305828381,1,11,313
4.01079910873641,1,11,314
4.00408693897943,1,2,315
4.00155897379083,1,11,316
3.97927571194755,1,7,317
3.97625838234472,1,6,318
3.97538189214645,1,3,319
3.969082794723,1,7,320
3.96593864214212,1,7,321
3.96487057517718,1,7,322
3.94588475054525,1,7,323
3.94503881776597,1,3,324
3.93816907197355,1,7,325
3.93517424311017,1,2,326
3.93045727377746,1,9,327
3.92763201866673,1,11,328
3.92219370838583,1,10,329
3.91868725905575,1,3,330
3.91700774408259,1,1,331
3.90214059921247,1,1,332
3.89831686356807,1,8,333
3.8978765470505,1,4,334
3.8938749932999,1,1,335
3.89379116696889,1,6,336
3.8929742764019,1,1,337
3.88954776706118,1,9,338
3.88561448853809,1,10,339
3.88172291082156,1,7,340
3.87455020508003,1,8,341
3.87422157949618,1,7,342
3.87393418185703,1,6,343
3.86951099955512,1,1,344
3.86567908565679,1,9,345
3.86215641488597,1,6,346
3.8530043638607,1,3,347
3.84259139317515,1,10,348
3.8283610401319,1,1,349
3.82763594780399,1,4,350
3.82117220237394,1,9,351
3.81438008242596,1,11,352
3.79615315169407,1,1,353
3.79236910284068,1,7,354
3.79131442373632,1,1,355
3.78356256090682,1,8,356
3.78205155283654,1,2,357
3.76663995248382,1,8,358
3.76208877246345,1,1,359
3.75774141135642,1,1,360
3.75171639438901,1,4,361
3.750457495576,1,4,362
3.74797610030114,1,5,363
3.74683676125459,1,1,364
3.74355436766029,1,9,365
3.74221338267445,1,5,366
3.73628145549895,1,8,367
3.73582486752118,1,1,368
3.73424304236552,1,1,369
3.73353859923005,1,4,370
3.73078919752314,1,1,371
3.72410309708597,1,8,372
3.72305993246018,1,5,373
3.72051644465639,1,1,374
3.71982071779545,1,9,375
3.7180259480089,1,8,376
3.71709684932937,1,8,377
3.71353185990615,1,5,378
3.70663495080402,1,8,379
3.69848069668851,1,2,380
3.69732242414491,1,6,381
3.69722796362355,1,6,382
3.69214090990749,1,3,383
3.66956879839685,1,6,384
3.66952959933406,1,6,385
3.66594519254331,1,9,386
3.66449812074355,1,1,387
3.66186290677197,1,3,388
3.659297130861,1,1,389
3.65891278501468,1,4,390
3.64610596491254,1,4,391
3.64563843700911,1,1,392
3.64211039568479,1,5,393
3.63974926652646,1,1,394
3.63949711292278,1,8,395
3.62558504495655,1,7,396
3.60834668743049,1,11,397
3.60600878768681,1,8,398
3.60538692114348,1,3,399
3.60390307376389,1,3,400
3.60112020573562,1,7,401
3.60107682698996,1,1,402
3.60051718112996,1,1,403
3.59945447332321,1,5,404
3.59809367092826,1,5,405
3.59384694095945,1,1,406
3.59036186539327,1,3,407
3.58796668985032,1,6,408
3.58470148684716,1,8,409
3.58304485071972,1,2,410
3.57744615800583,1,3,411
3.57493693580818,1,8,412
3.57273610368675,1,10,413
3.57085898614024,1,7,414
3.57056495809767,1,10,415
3.56676509784222,1,11,416
3.56404805900287,1,10,417
3.56338248159569,1,8,418
3.55341717220401,1,7,419
3.5484606907274,1,1,420
3.54837932834505,1,8,421
3.53081603109214,1,9,422
3.52915314408208,1,7,423
3.52759945816826,1,5,424
3.52455820430174,1,7,425
3.52394770667239,1,1,426
3.52382971043802,1,5,427
3.52112342336035,1,6,428
3.51346273501265,1,1,429
3.50990991715287,1,6,430
3.5066650822378,1,8,431
3.50403425036195,1,2,432
3.49845571242881,1,9,433
3.47938825117242,1,1,434
3.46768805664232,1,10,435
3.46722102796578,1,8,436
3.46721838639041,1,9,437
3.46651861070751,1,11,438
3.46204914589514,1,1,439
3.45661421586597,1,7,440
3.45609836270647,1,10,441
3.45420928941056,1,10,442
3.43793638728808,1,8,443
3.43323545845297,1,2,444
3.43031680847578,1,2,445
3.42915083712042,1,2,446
3.41800792003364,1,10,447
3.40940759173165,1,2,448
3.40768121501906,1,11,449
3.40614448433824,1,9,450
3.39557377420188,1,11,451
3.39355583908386,1,10,452
3.39338622519131,1,2,453
3.39219723094176,1,8,454
3.38993130107668,1,10,455
3.38670365348933,1,9,456
3.38339957988708,1,8,457
3.37805517703383,1,5,458
3.3694007377548,1,3,459
3.36853735871311,1,8,460
3.36373151831334,1,4,461
3.36232027660032,1,11,462
3.35662705526912,1,8,463
3.34723344354373,1,11,464
3.34618370896482,1,6,465
3.34271500540529,1,2,466
3.34256465691665,1,1,467
3.3417978800597,1,1,468
3.33915637550692,1,2,469
3.33431969044268,1,4,470
3.33281778743175,1,10,471
3.33237050425716,1,3,472
3.32531350602336,1,1,473
3.32093967092097,1,5,474
3.31837273114365,1,8,475
3.31463232060774,1,8,476
3.31060158978164,1,2,477
3.30995143555606,1,8,478
3.30495715336088,1,2,479
3.30342762473364,1,5,480
3.29789617835187,1,9,481
3.29739486969843,1,2,482
3.29425338014137,1,5,483
3.29324795765738,1,11,484
3.2895964968677,1,9,485
3.27283054166351,1,5,486
3.27257199776088,1,8,487
3.26614458961186,1,5,488
3.26268218097977,1,6,489
3.26077231135861,1,1,490
3.25142083193175,1,8,491
3.24453110398823,1,7,492
3.24075502065732,1,1,493
3.2359237948007,1,9,494
3.23287141068545,1,7,495
3.23147064735631,1,10,496
3.22807662039548,1,2,497
3.22711307571572,1,7,498
3.22264693801522,1,7,499
3.22168181376259,1,1,500
3.21703498882115,1,1,501
3.21421909860127,1,1,502
3.21332193622112,1,7,503
3.2131009417813,1,11,504
3.21224214986686,1,2,505
3.21194024513159,1,5,506
3.20789296802192,1,5,507
3.20757142103102,1,10,508
3.2042392727058,1,5,509
3.20250431652711,1,8,510
3.1870194459774,1,2,511
3.18592609283748,1,3,512
3.17993230229296,1,11,513
3.17237244018061,1,1,514
3.16925698657095,1,2,515
3.15411922721962,1,1,516
3.14782673301397,1,8,517
3.1471979991154,1,8,518
3.14200252709623,1,2,519
3.14129518517343,1,11,520
3.14098832426773,1,11,521
3.1408444197975,1,1,522
3.1378548432334,1,1,523
3.13623752878574,1,5,524
3.13427329368553,1,2,525
3.12646841436256,1,3,526
3.12199652199168,1,11,527
3.1218354038521,1,4,528
3.12088751803033,1,8,529
3.11905466028546,1,1,530
3.11888057526961,1,9,531
3.11584151622959,1,1,532
3.11391854277366,1,1,533
3.10893351607047,1,10,534
3.10618830467069,1,2,535
3.09282043878011,1,3,536
3.09256310974834,1,4,537
3.09101932286391,1,11,538
3.08952645510849,1,11,539
3.08066180154743,1,7,540
3.07648393076559,1,11,541
3.07607211636126,1,3,542
3.07288056837322,1,8,543
3.07154218424521,1,1,544
3.07139185368618,1,8,545
3.06988973768936,1,1,546
3.0647290711681,1,6,547
3.0628769554031,1,1,548
3.05949129743643,1,1,549
3.05328704752101,1,7,550
3.05183638189505,1,1,551
3.04889294059902,1,9,552
3.03620155692442,1,9,553
3.0347217425509,1,1,554
3.02921047029542,1,1,555
3.0255481111998,1,11,556
3.02524340635476,1,10,557
3.01659042204446,1,11,558
3.01535536784403,1,9,559
3.00208704241724,1,6,560
2.99750504481348,1,7,561
2.99629704353538,1,1,562
2.99154584399367,1,2,563
2.99001806592283,1,2,564
2.98312335690249,1,5,565
2.98059813399148,1,8,566
2.98040975507642,1,1,567
2.97726652672075,1,7,568
2.97164033915312,1,11,569
2.97036997252575,1,9,570
2.96603394603376,1,2,571
2.96440090761998,1,7,572
2.95663230544287,1,5,573
2.95598612817637,1,1,574
2.9555910057986,1,1,575
2.95396732906654,1,5,576
2.9463697319269,1,8,577
2.94601836217558,1,1,578
2.94540670381833,1,11,579
2.94506345421041,1,1,580
2.94284993252856,1,11,581
2.94161486695998,1,1,582
2.94052851535057,1,8,583
2.94042615168298,1,5,584
2.93681711676714,1,10,585
2.93494475017672,1,2,586
2.92186005998486,1,3,587
2.91571157236074,1,11,588
2.91549270539177,1,6,589
2.91403978867986,1,5,590
2.91396945761726,1,5,591
2.9071229840815,1,4,592
2.90662338673175,1,8,593
2.90433930742878,1,5,594
2.90433015914873,1,7,595
2.88946167377063,1,11,596
2.887443702341,1,9,597
2.88611725327623,1,10,598
2.88445467277549,1,8,599
2.88270037892626,1,7,600
2.88139122624871,1,2,601
2.8784530238743,1,11,602
2.87779259700866,1,5,603
2.8703435677985,1,1,604
2.86778537533181,1,8,605
2.86679477819865,1,11,606
2.86000193987892,1,7,607
2.85944794382265,1,1,608
2.85927001123986,1,7,609
2.8484574825475,1,4,610
2.8471056612684,1,7,611
2.84689910413202,1,11,612
2.84068595610715,1,7,613
2.83975203547917,1,9,614
2.83880799309521,1,8,615
2.83562431485149,1,7,616
2.83474729587515,1,10,617
2.83325013394738,1,7,618
2.83300638332834,1,1,619
2.83037461092176,1,8,620
2.83006001022609,1,6,621
2.82631243973313,1,11,622
2.82618148607833,1,5,623
2.82284400152927,1,1,624
2.82054067970495,1,8,625
2.81897347599948,1,1,626
2.81772501025665,1,4,627
2.81702110324776,1,8,628
2.8137899574539,1,1,629
2.80207672273725,1,1,630
2.80194625435243,1,8,631
2.79885586626008,1,2,632
2.79273049863437,1,3,633
2.7892136410471,1,6,634
2.78540132543436,1,5,635
2.78048731709533,1,6,636
2.77055288006863,1,5,637
2.76864580355063,1,9,638
2.76590094474748,1,7,639
2.76487578401129,1,1,640
2.75936148354525,1,2,641
2.75841299984022,1,2,642
2.75675115946309,1,2,643
2.7510318647651,1,1,644
2.74559559164916,1,1,645
2.74266892605108,1,1,646
2.74218060926568,1,4,647
2.73404323032806,1,9,648
2.72893004992327,1,5,649
2.72347705573415,1,1,650
2.71595416636553,1,2,651
2.71537451683388,1,5,652
2.7132206038051,1,1,653
2.71205410267068,1,1,654
2.71018159799882,1,1,655
2.70359757741232,1,1,656
2.70252402137733,1,9,657
2.69807167910029,1,1,658
2.69790632019434,1,6,659
2.69569307771421,1,2,660
2.69184836430612,1,11,661
2.68903146752939,1,11,662
2.68577345738193,1,6,663
2.68387129099492,1,4,664
2.68173035128253,1,5,665
2.67501307023098,1,7,666
2.67440041309581,1,9,667
2.66234956416148,1,2,668
2.65819881789181,1,8,669
2.65643179917344,1,1,670
2.65500563729986,1,7,671
2.65027869188098,1,1,672
2.64785131745942,1,1,673
2.63593656016048,1,11,674
2.63140332314556,1,3,675
2.62697141866737,1,1,676
2.62370315260067,1,11,677
2.62188137384992,1,11,678
2.60979559635651,1,7,679
2.60367012447535,1,7,680
2.60006506245331,1,1,681
2.59779602624589,1,9,682
2.59712875446504,1,2,683
2.59633275070483,1,2,684
2.58592948339469,1,9,685
2.5787153922254,1,5,686
2.57690700915297,1,9,687
2.57635106315496,1,7,688
2.57553370695146,1,4,689
2.568789179374,1,2,690
2.56322062624342,1,10,691
2.56244926356368,1,4,692
2.56174030010005,1,2,693
2.5597679634573,1,7,694
2.5594120916798,1,1,695
2.55493029007837,1,7,696
2.55039151977436,1,11,697
2.54877661539875,1,1,698
2.54135079876645,1,1,699
2.53776073682125,1,3,700
2.52773533870789,1,1,701
2.52516683191043,1,1,702
2.52116262439843,1,5,703
2.520209811046,1,10,704
2.51913059887172,1,4,705
2.50914380815998,1,4,706
2.50445602706498,1,8,707
2.50377867313602,1,1,708
2.5033637409425,1,1,709
2.49355167529586,1,9,710
2.48795212446963,1,7,711
2.47933842119008,1,4,712
2.47687880206163,1,7,713
2.47582397253766,1,5,714
2.47566640117352,1,1,715
2.47484992498555,1,1,716
2.47478398130341,1,11,717
2.47093556988947,1,4,718
2.46978180620141,1,8,719
2.4674270903404,1,1,720
2.46090142932876,1,7,721
2.45923524136787,1,11,722
2.45673175379403,1,8,723
2.45601081113352,1,3,724
2.4462415828886,1,10,725
2.44104538458,1,11,726
2.44051315944714,1,6,727
2.43698485271213,1,2,728
2.4357813459703,1,1,729
2.43386256662216,1,5,730
2.43204454587889,1,8,731
2.42918632263512,1,8,732
2.42617077395393,1,1,733
2.42448695872256,1,8,734
2.4238092234084,1,10,735
2.42379456274075,1,1,736
2.42304199383465,1,1,737
2.41605101045709,1,2,738
2.41333145452544,1,9,739
2.41105745767015,1,1,740
2.40178519907342,1,10,741
2.40140860081449,1,1,742
2.39773378382875,1,9,743
2.39178256793043,1,7,744
2.37906299569809,1,6,745
2.37145651945926,1,2,746
2.37138638470903,1,5,747
2.36868048949563,1,8,748
2.36860412548196,1,4,749
2.36576352657558,1,1,750
2.36284381156205,1,10,751
2.35941528214614,1,5,752
2.35860692435642,1,11,753
2.35332497129435,1,7,754
2.34308807219847,1,8,755
2.34254275896122,1,1,756
2.33489252445869,1,5,757
2.33134722882118,1,7,758
2.3311925006054,1,1,759
2.33076723088485,1,8,760
2.32908104301341,1,1,761
2.32696472538134,1,7,762
2.32540076914291,1,8,763
2.32293512452251,1,10,764
2.32080030193511,1,7,765
2.31562306573788,1,8,766
2.3153263107519,1,5,767
2.31219842726343,1,11,768
2.3092500531631,1,3,769
2.30817973574186,1,10,770
2.30545215646015,1,8,771
2.30417507861209,1,10,772
2.29926131993762,1,7,773
2.29161299808125,1,9,774
2.28540197130707,1,11,775
2.28328653436004,1,2,776
2.28152449427979,1,9,777
2.28011983895478,1,8,778
2.27837608959319,1,11,779
2.27548735707376,1,5,780
2.27332653222978,1,10,781
2.26785240309553,1,5,782
2.26495042697195,1,6,783
2.26060630162377,1,5,784
2.25958305911421,1,1,785
2.25833656371259,1,9,786
2.25704883602254,1,7,787
2.25639059366055,1,11,788
2.25567174501778,1,1,789
2.25459795525791,1,2,790
2.24607044955693,1,9,791
2.24367678877304,1,11,792
2.23842633036465,1,3,793
2.23434791915177,1,5,794
2.23158617486343,1,7,795
2.23078893153658,1,10,796
2.22870624346336,1,2,797
2.22851348667604,1,1,798
2.22837609392462,1,3,799
2.2275205682547,1,3,800
2.20870307433101,1,8,801
2.20404243007452,1,8,802
2.20115791992968,1,9,803
2.19689805404004,1,9,804
2.18780171840043,1,5,805
2.18605506708639,1,10,806
2.18427381391096,1,5,807
2.18386151290258,1,8,808
2.17638135660415,1,9,809
2.17196576207162,1,11,810
2.16967892001199,1,1,811
2.16538510275479,1,1,812
2.15982910776964,1,1,813
2.1541415029986,1,8,814
2.14905354322872,1,7,815
2.14302096832381,1,9,816
2.14016042496844,1,1,817
2.14002192928327,1,7,818
2.13942774359007,1,8,819
2.135383311064,1,5,820
2.13072596713732,1,5,821
2.12911926833607,1,9,822
2.12853199719846,1,2,823
2.12306131778203,1,4,824
2.12197659301913,1,9,825
2.11787404143985,1,11,826
2.10941865461927,1,1,827
2.10832680582278,1,8,828
2.09893692290266,1,7,829
2.09878416003531,1,11,830
2.09490622423938,1,7,831
2.08887493752135,1,11,832
2.0875691294737,1,9,833
2.08425541724937,1,11,834
2.07835718463959,1,5,835
2.074892532752,1,1,836
2.07299649438834,1,1,837
2.07014511467872,1,2,838
2.06444247724028,1,1,839
2.06226532156111,1,9,840
2.06114264119715,1,11,841
2.05983400435625,1,1,842
2.05950678677148,1,4,843
2.05865391215703,1,9,844
2.05602938525235,1,8,845
2.05056386012499,1,1,846
2.04879309447066,1,5,847
2.04857693461694,1,1,848
2.04610614389468,1,8,849
2.04418308734369,1,11,850
2.04416645500062,1,7,851
2.04166777126623,1,7,852
2.03084235563296,1,8,853
2.02938046983601,1,10,854
2.02929909224297,1,1,855
2.02765081049403,1,10,856
2.01905927093328,1,9,857
2.01824166282777,1,11,858
2.01718007619929,1,1,859
2.01697787546284,1,8,860
2.01314556965736,1,1,861
2.00708543994341,1,2,862
1.99912119512497,1,9,863
1.99645551672997,1,9,864
1.99562566900895,1,1,865
1.99325934799742,1,10,866
1.9853897683825,1,5,867
1.98347311469164,1,2,868
1.9811183588438,1,5,869
1.97659404119117,1,11,870
1.97599453923142,1,2,871
1.97055501212345,1,2,872
1.96963957258304,1,11,873
1.96488606308392,1,1,874
1.96403482912707,1,8,875
1.96314488444688,1,7,876
1.96285770112405,1,11,877
1.95975628115472,1,2,878
1.95557187285429,1,3,879
1.95497651632412,1,1,880
1.95412706273027,1,1,881
1.95314900222532,1,1,882
1.9516539144864,1,9,883
1.95138537593902,1,2,884
1.94989532146379,1,9,885
1.94903275822392,1,2,886
1.94819326959622,1,1,887
1.94795002986658,1,11,888
1.94601229101711,1,8,889
1.93929732084961,1,3,890
1.93611401378934,1,9,891
1.93303819161038,1,6,892
1.93073165908462,1,7,893
1.92293824659573,1,2,894
1.91109081536737,1,10,895
1.90976282496027,1,9,896
1.90954905064666,1,11,897
1.90384142081036,1,1,898
1.90104098579309,1,1,899
1.90099744814206,1,9,900
1.90069372721343,1,1,901
1.8917656863865,1,1,902
1.8835052863329,1,10,903
1.88110606129442,1,3,904
1.88038575163667,1,8,905
1.8657241172051,1,1,906
1.86325618342041,1,8,907
1.86312869196478,1,1,908
1.86192968481778,1,1,909
1.85981210218598,1,11,910
1.85607067667226,1,9,911
1.85541428728947,1,9,912
1.85204272197634,1,10,913
1.82832562485914,1,5,914
1.82536362828385,1,9,915
1.82236766643813,1,10,916
1.82229523035486,1,5,917
1.82176249109491,1,11,918
1.82077846499104,1,8,919
1.81886459704663,1,1,920
1.81687348498837,1,2,921
1.81308600578238,1,1,922
1.81278557735711,1,8,923
1.81172974209984,1,1,924
1.80961944997249,1,10,925
1.80629531831643,1,3,926
1.8005351424213,1,8,927
1.79431056124476,1,7,928
1.79224926762617,1,11,929
1.77415291281341,1,3,930
1.77083374542485,1,9,931
1.76838057647563,1,1,932
1.76698882440124,1,1,933
1.76284140914234,1,2,934
1.76202817941617,1,8,935
1.75934072325763,1,1,936
1.75683069419718,1,8,937
1.75449458909477,1,5,938
1.75260280913014,1,1,939
1.74892821409886,1,2,940
1.74757794497387,1,8,941
1.745012407862,1,1,942
1.74197278751992,1,11,943
1.74094858578585,1,1,944
1.74075593662255,1,9,945
1.73489605644394,1,1,946
1.7342916350971,1,7,947
1.73124219433363,1,11,948
1.71326641091416,1,5,949
1.71165277406353,1,8,950
1.71009412061294,1,5,951
1.70577763194056,1,9,952
1.70499455708265,1,2,953
1.7002882250638,1,8,954
1.69190097430633,1,1,955
1.67620898317046,1,4,956
1.67434455715743,1,5,957
1.67246554228838,1,9,958
1.67162607901089,1,2,959
1.67140742769934,1,5,960
1.67107363914211,1,9,961
1.66586896890285,1,3,962
1.6514846029258,1,9,963
1.65059923214936,1,2,964
1.64735961704916,1,10,965
1.64159148836875,1,10,966
1.63705436200288,1,7,967
1.63251137339691,1,8,968
1.63060715583411,1,1,969
1.62948007421619,1,3,970
1.6280350836264,1,7,971
1.62751515190235,1,9,972
1.62018676736478,1,11,973
1.61657923994313,1,1,974
1.61164160954648,1,9,975
1.61131271918166,1,9,976
1.60965901702084,1,2,977
1.60364231839511,1,8,978
1.59993866313883,1,4,979
1.59946623896697,1,8,980
1.59294265535018,1,2,981
1.59207049504013,1,3,982
1.58554517873955,1,10,983
1.58431996296054,1,3,984
1.58120951630057,1,5,985
1.58000627354728,1,2,986
1.57935020768443,1,5,987
1.57744465004901,1,2,988
1.57672631904802,1,5,989
1.57117039717312,1,8,990
1.57074335637205,1,3,991
1.56171984474458,1,11,992
1.55801646211339,1,4,993
1.55527058668814,1,1,994
1.55227337068935,1,11,995
1.55183617135443,1,9,996
1.54707742395697,1,5,997
1.54356203700848,1,9,998
1.5369809606998,1,5,999
1.53596325900034,1,10,1000
1.5317883540672,1,1,1001
1.53041931758337,1,2,1002
1.52662257713281,1,1,1003
1.52513042498698,1,1,1004
1.52333426168688,1,1,1005
1.51990773168257,1,1,1006
1.51587556952677,1,2,1007
1.51520828694202,1,1,1008
1.51291622800129,1,11,1009
1.51213145755397,1,11,1010
1.50688283359975,1,10,1011
1.50683766349584,1,1,1012
1.49953960721804,1,2,1013
1.49631006956942,1,11,1014
1.48364886524678,1,4,1015
1.47592604511654,1,10,1016
1.47008071482768,1,10,1017
1.46924302212701,1,4,1018
1.45946448843695,1,2,1019
1.45937529820342,1,1,1020
1.45208381818451,1,8,1021
1.45122363620194,1,7,1022
1.45110034142412,1,2,1023
1.44342178430804,1,10,1024
1.43241280222039,1,1,1025
1.4314988468417,1,8,1026
1.43033937098948,1,5,1027
1.42905045214059,1,9,1028
1.42690155063108,1,9,1029
1.42288032341656,1,2,1030
1.41878480254458,1,4,1031
1.41736904584388,1,5,1032
1.41341295218877,1,1,1033
1.41291334023517,1,2,1034
1.40732031813952,1,2,1035
1.3975406846894,1,11,1036
1.39714555811592,1,3,1037
1.39388375690618,1,3,1038
1.39264528406932,1,8,1039
1.38216130217922,1,4,1040
1.38037424846723,1,8,1041
1.37856317907866,1,1,1042
1.37128490402452,1,4,1043
1.36834992459166,1,1,1044
1.36765598098047,1,2,1045
1.35744668583453,1,1,1046
1.33785395594292,1,8,1047
1.32810449816058,1,10,1048
1.32768129012218,1,11,1049
1.3245989359082,1,9,1050
1.31793185602479,1,1,1051
1.31357757152261,1,10,1052
1.31322005620965,1,10,1053
1.3080012803467,1,1,1054
1.2989038126617,1,5,1055
1.28931251291752,1,11,1056
1.27904669015834,1,7,1057
1.27602786879791,1,1,1058
1.27499798519189,1,2,1059
1.27269397468861,1,7,1060
1.26863781400863,1,5,1061
1.268629849562,1,11,1062
1.26659819964789,1,9,1063
1.26633049691112,1,3,1064
1.26182724344033,1,11,1065
1.25886368949422,1,2,1066
1.25463955275837,1,1,1067
1.24888602569686,1,2,1068
1.24842244645821,1,8,1069
1.24530100725013,1,8,1070
1.24510553599856,1,4,1071
1.24460317683076,1,5,1072
1.24201377127272,1,1,1073
1.24193423715231,1,9,1074
1.2344300049043,1,7,1075
1.2337651922939,1,8,1076
1.23356690625822,1,5,1077
1.23345287700051,1,7,1078
1.23133489680874,1,2,1079
1.230822780337,1,4,1080
1.22838322393943,1,9,1081
1.22809973991849,1,2,1082
1.22634016211961,1,8,1083
1.2093889775254,1,2,1084
1.20584851662032,1,2,1085
1.20499221025174,1,5,1086
1.20016530113585,1,4,1087
1.19777115311534,1,5,1088
1.19729513293044,1,5,1089
1.19667853271547,1,5,1090
1.19595729727826,1,8,1091
1.17768820068833,1,9,1092
1.17398448243708,1,9,1093
1.17277611613015,1,1,1094
1.16861333040988,1,9,1095
1.15395956184873,1,1,1096
1.15058585007047,1,5,1097
1.14088952699853,1,11,1098
1.14041188110505,1,5,1099
1.13954459719854,1,5,1100
1.1361482381069,1,4,1101
1.13401761980578,1,8,1102
1.13206071877832,1,8,1103
1.12854695301647,1,10,1104
1.12637558363238,1,8,1105
1.1206149425161,1,8,1106
1.11881936791449,1,1,1107
1.11837340224029,1,3,1108
1.11695861783859,1,9,1109
1.11456562130907,1,1,1110
1.110575543541,1,2,1111
1.11022363862652,1,10,1112
1.11007844514385,1,7,1113
1.10727790372747,1,1,1114
1.09528693289559,1,2,1115
1.09443763993656,1,1,1116
1.09355374036011,1,2,1117
1.09252455274861,1,5,1118
1.09173767171524,1,11,1119
1.08527287218147,1,10,1120
1.08525676311593,1,8,1121
1.08516726733779,1,10,1122
1.08388272202795,1,9,1123
1.08322583201755,1,9,1124
1.08026946449859,1,2,1125
1.07667739084829,1,2,1126
1.07593390948319,1,7,1127
1.07477865981847,1,8,1128
1.05773324755468,1,4,1129
1.05692248579867,1,10,1130
1.05661844114556,1,7,1131
1.05065014751842,1,5,1132
1.03898288923274,1,9,1133
1.03846387871114,1,9,1134
1.02975572630841,1,10,1135
1.0294890540616,1,1,1136
1.02864694576237,1,1,1137
1.02595783851879,1,5,1138
1.02059882031618,1,11,1139
1.00953738413172,1,9,1140
1.00896345615397,1,1,1141
1.00688196367495,1,8,1142
1.00520098312815,1,9,1143
0.993438125749803,1,1,1144
0.990894541937358,1,5,1145
0.98893676894473,1,1,1146
0.967059352563374,1,2,1147
0.96243413470595,1,1,1148
0.953191911402746,1,10,1149
0.95109809199815,1,8,1150
0.950240480692265,1,4,1151
0.949380514456681,1,2,1152
0.943017979585428,1,11,1153
0.930002214020187,1,2,1154
0.921652869674206,1,9,1155
0.918473520154071,1,2,1156
0.914333169387692,1,1,1157
0.906952114429476,1,2,1158
0.901114623627778,1,11,1159
0.893785482974555,1,4,1160
0.88436207152778,1,2,1161
0.868386410623526,1,5,1162
0.864956355873703,1,1,1163
0.854374668060214,1,7,1164
0.850497185225756,1,2,1165
0.84961361807442,1,5,1166
0.84451056325919,1,5,1167
0.844214725896834,1,7,1168
0.840025316477965,1,5,1169
0.835801674589667,1,9,1170
0.835049747848927,1,1,1171
0.833701110114561,1,1,1172
0.828124716379783,1,5,1173
0.827622639489895,1,1,1174
0.823210059192028,1,1,1175
0.821097027322892,1,10,1176
0.818150844271068,1,1,1177
0.815537201821042,1,10,1178
0.815122445413257,1,7,1179
0.814863584243667,1,10,1180
0.814092240188026,1,1,1181
0.810247440654679,1,7,1182
0.802794492955634,1,4,1183
0.800122832263995,1,1,1184
0.789668241366171,1,5,1185
0.786011808361683,1,1,1186
0.78400067483882,1,1,1187
0.75491565935785,1,1,1188
0.753676320040882,1,8,1189
0.752984818914266,1,1,1190
0.748310376713497,1,1,1191
0.73124719236056,1,11,1192
0.718841947092924,1,5,1193
0.705751350472601,1,8,1194
0.669751466058477,1,5,1195
0.66179168694186,1,10,1196
0.656647196339596,1,10,1197
0.65491209846619,1,5,1198
0.645308197508735,1,2,1199
0.639941877208882,1,1,1200
0.631812704600887,1,1,1201
0.611008685276179,1,1,1202
0.607286940889237,1,6,1203
0.58981807412646,1,11,1204
0.583943141779707,1,1,1205
0.541744358310468,1,7,1206
0.539876103286337,1,1,1207
0.538801218180475,1,1,1208
0.537163951572386,1,1,1209
0.528076829494479,1,1,1210
0.524472012774805,1,1,1211
0.497114676734014,1,1,1212
0.49308205229375,1,3,1213
0.474029952909176,1,11,1214
0.46217613207261,1,1,1215
0.45345475955424,1,1,1216
0.449278810540206,1,9,1217
0.419446357264219,1,10,1218
0.416174095664111,1,10,1219
0.407760457551629,1,10,1220
0.374303243772883,1,7,1221
0.370289787578166,1,2,1222
0.348353930864394,1,1,1223
0.338942142526825,1,1,1224
0.336957195866534,1,1,1225
0.333808788943841,1,1,1226
0.32289893826852,1,11,1227
0.320187905293016,1,5,1228
0.319530010257736,1,5,1229
0.284518605489625,1,1,1230
0.281668824793409,1,10,1231
0.249810847491939,1,1,1232
0.247255608300752,1,10,1233
0.22614654530831,1,1,1234
0.21575841403293,1,1,1235
0.203205810579085,1,10,1236
0.191100921622502,1,1,1237
0.174245510843252,1,5,1238
0.162687784168234,1,1,1239
0.146084467418717,1,1,1240
0.121091151108515,1,5,1241
0.120880910169356,1,1,1242
0.114101998622497,1,10,1243
0.0908767648387431,1,9,1244
3.69958600780249e-18,1,9,1245
2.28018815405967e-24,1,1,1246
1.26383890807926e-28,1,1,1247
3.63002950239551e-55,1,1,1248
5.28684236296493,2,5,1
4.56664888096534,2,5,2
8.63335868741033,2,5,3
3.99668860646385,2,2,4
3.44121033388444,2,5,5
4.88176506520505,2,4,6
6.18517773608396,2,7,7
4.79622716803717,2,4,8
7.52446223793031,2,11,9
3.91061807425163,2,7,10
8.25302508461858,2,7,11
2.97448109961527,2,3,12
7.84697685399034,2,5,13
5.71285188757258,2,2,14
3.31492899949463,2,4,15
7.37412117502629,2,3,16
4.19795726912133,2,8,17
3.7519658090323,2,5,18
4.66561310284875,2,10,19
5.1418659902625,2,6,20
7.63604905890579,2,8,21
6.44967211920547,2,3,22
4.9162513615099,2,5,23
6.07285147600138,2,8,24
2.21262051409479,2,8,25
3.27399251475188,2,5,26
3.69645893581889,2,5,27
4.19514253492259,2,7,28
6.24103308690847,2,8,29
5.79036074532167,2,8,30
0,2,3,31
6.14369150803491,2,8,32
4.77982449146827,2,4,33
1.4763599098547,2,5,34
2.15783711145046,2,7,35
2.64095015800425,2,6,36
8.68962205598227,2,3,37
5.34577947109165,2,7,38
4.79703172646005,2,5,39
6.1525490865883,2,5,40
4.84674968926237,2,4,41
3.48476313137141,2,5,42
5.14746931771523,2,3,43
6.0554866650466,2,3,44
4.98401418609944,2,8,45
4.47003581953314,2,1,46
2.84973974913049,2,6,47
1.06732959169878,2,2,48
4.69439130096746,2,10,49
2.86554056594892,2,9,50
4.03597194957413,2,8,51
3.98276403947491,2,3,52
3.675798978027,2,5,53
4.9289452305135,2,8,54
3.79345480232291,2,5,55
3.44673517090169,2,3,56
4.79284419331813,2,3,57
7.50022326886187,2,2,58
5.20234424667397,2,6,59
3.05027143985704,2,5,60
5.99182850534256,2,8,61
6.57424456557789,2,7,62
6.05358381534932,2,10,63
5.33532841664275,2,2,64
1.48293766610322,2,8,65
1.69231608939839,2,9,66
6.23920887828756,2,2,67
3.46512149718706,2,5,68
3.11405627268681,2,3,69
5.4847615023308,2,3,70
7.13107343442691,2,2,71
6.6710491404249,2,11,72
4.19634154676947,2,7,73
4.30197596471448,2,1,74
4.24629583516712,2,4,75
0.36727218196811,2,7,76
4.4739307054278,2,8,77
4.47086596399342,2,8,78
2.6468196967888,2,5,79
2.51919637430083,2,7,80
3.70065375009744,2,7,81
8.20216594200364,2,8,82
5.77682498628453,2,7,83
5.60188995414344,2,4,84
4.98519636521383,2,8,85
2.13252321176583,2,1,86
6.79869489172818,2,7,87
3.39493600803131,2,3,88
4.43468830152869,2,8,89
4.60039436596567,2,5,90
2.09197042601982,2,7,91
1.10772346040882,2,5,92
3.56945190537283,2,11,93
4.52540705600397,2,2,94
5.99468903754301,2,2,95
5.30025784672721,2,5,96
7.43416043275833,2,8,97
8.31167013316969,2,1,98
6.34206525474983,2,7,99
6.7038406619806,2,8,100
3.35990731008046,2,5,101
3.62926786422725,2,5,102
4.9673038966489,2,4,103
2.20682745260028,2,1,104
5.80164463475868,2,7,105
3.15384462450325,2,7,106
4.21470497288493,2,3,107
7.44141630285448,2,3,108
8.53996445684647,2,7,109
4.47077327818196,2,3,110
2.25195085094988,2,2,111
5.01046490949857,2,2,112
2.36450435103784,2,1,113
4.12926752543859,2,8,114
3.0228226998295,2,8,115
6.78542973700869,2,3,116
3.02482520895966,2,4,117
4.70785943535023,2,1,118
8.57340327776955,2,2,119
4.86235833869259,2,8,120
4.52957906812209,2,8,121
3.93000062989358,2,7,122
4.84442047129485,2,3,123
5.07594831931263,2,1,124
9.83411773896518,2,11,125
4.02293653262952,2,5,126
3.24051199239785,2,4,127
6.29752087269212,2,8,128
3.02118936640157,2,7,129
5.61638306303105,2,8,130
6.60295797778331,2,8,131
7.71451015011516,2,1,132
7.3537315979995,2,2,133
3.90616878614076,2,3,134
2.52862927729372,2,9,135
5.82670320913466,2,7,136
4.78903407452143,2,7,137
2.39624958117144,2,3,138
3.4996385072777,2,2,139
6.70152892327716,2,3,140
3.00187522222412,2,5,141
4.46344340899329,2,3,142
8.25083160224085,2,3,143
6.30674369829847,2,8,144
5.90793604200349,2,4,145
5.56575485711782,2,3,146
7.4273446362884,2,5,147
4.44710040137003,2,8,148
3.46532933267725,2,10,149
4.79163851865483,2,1,150
1.57642359019986,2,8,151
5.01991887952052,2,9,152
4.01574813346178,2,8,153
3.15573651261537,2,1,154
0.384655106342727,2,7,155
5.18727502000843,2,4,156
3.72850118218196,2,11,157
2.98118247276656,2,8,158
5.01115470285216,2,2,159
3.78600078507188,2,3,160
5.06560995792692,2,7,161
0.591090909226655,2,5,162
2.28064245896425,2,5,163
2.89524114533284,2,1,164
2.31678125990807,2,7,165
9.62777736298595,2,3,166
4.85529700416987,2,8,167
5.03695662840244,2,7,168
5.89738620511551,2,4,169
0.991522223429227,2,8,170
2.30395066165081,2,3,171
9.71084694438929,2,2,172
1.8692646013209,2,6,173
4.93177867690756,2,10,174
4.2993240466101,2,6,175
6.16477408561462,2,2,176
5.35472923979791,2,9,177
4.51101706326637,2,5,178
2.23828070909704,2,3,179
4.41760915211262,2,3,180
2.55627401957296,2,2,181
6.14131598353449,2,7,182
2.35708523670955,2,5,183
1.8167239357161,2,8,184
5.748924426111,2,8,185
3.77472764880692,2,8,186
3.36307806097909,2,8,187
3.7591564093984,2,7,188
3.5385693621095,2,7,189
6.62351971334647,2,9,190
3.84679217497891,2,2,191
4.71659434423984,2,4,192
2.72577311866763,2,2,193
4.51675341122846,2,4,194
6.09358815573442,2,7,195
3.47733255995245,2,2,196
1.53040036053477,2,7,197
4.80675423235174,2,1,198
1.53637207747316,2,7,199
1.68295742673318,2,2,200
3.37144763001367,2,1,201
5.02114570917037,2,4,202
4.5303964583306,2,8,203
3.06967914980046,2,6,204
2.4880541824002,2,1,205
2.49038663805078,2,8,206
4.36748499102731,2,4,207
7.4204731035826,2,7,208
5.60533863712585,2,1,209
5.59644097197796,2,11,210
2.19744088714585,2,8,211
1.88729262855678,2,8,212
6.24617749669436,2,9,213
6.29509356433684,2,8,214
3.13485200025854,2,9,215
3.34029126751408,2,4,216
3.7933762287209,2,8,217
2.55945803742247,2,7,218
5.49679380546826,2,8,219
3.66797050134932,2,7,220
0.734471541108087,2,8,221
1.96558082552533,2,7,222
3.98192511886701,2,8,223
3.97684608168973,2,1,224
3.00796342011995,2,2,225
5.80502832492853,2,2,226
3.4856636788842,2,8,227
5.3052218828317,2,6,228
5.7835285731062,2,11,229
1.86118579450355,2,3,230
4.6377357365241,2,4,231
2.63546065815453,2,10,232
8.03403343675227,2,5,233
4.10226226645922,2,2,234
7.25873147644981,2,2,235
4.12163151543201,2,3,236
5.38642823506497,2,3,237
5.39050866820656,2,8,238
4.69327516023128,2,6,239
2.6886432025391,2,3,240
4.75364127115248,2,10,241
3.79091721006945,2,5,242
3.00753819763299,2,1,243
4.83236916633725,2,1,244
2.80130704732342,2,7,245
2.04053496551246,2,1,246
2.25558226096038,2,4,247
5.00239305806605,2,1,248
6.59176516280623,2,10,249
4.76148361749848,2,1,250
5.1880544658126,2,1,251
1.59162962240922,2,1,252
4.48925355699944,2,2,253
1.55490634349267,2,2,254
3.24852350708322,2,3,255
2.84907052318043,2,1,256
2.55060112503858,2,8,257
2.10745124588741,2,1,258
1.89564553355589,2,8,259
4.74154425793073,2,10,260
4.73163666697282,2,3,261
3.63491829690042,2,7,262
1.76273200611613,2,1,263
2.9220664673339,2,2,264
5.70330760760126,2,5,265
4.64907435713677,2,3,266
5.01634092308935,2,8,267
2.38607345942832,2,7,268
0.534927039872421,2,7,269
4.98328481749658,2,10,270
1.9992988231765,2,5,271
1.64945090873964,2,5,272
0.774125017455467,2,10,273
2.60657409581199,2,1,274
3.95881735628339,2,5,275
0.918863836097648,2,5,276
2.39362222682506,2,7,277
3.36851360781413,2,3,278
3.82241721972279,2,1,279
4.20623162801366,2,8,280
2.71690664904176,2,8,281
2.59257595938301,2,2,282
1.10498376040708,2,1,283
4.09190081444103,2,3,284
5.17785943272868,2,7,285
1.51783170875728,2,8,286
1.5673858729308,2,6,287
4.04645370255116,2,11,288
4.04031950618803,2,8,289
5.27840891598491,2,7,290
3.0402248205051,2,1,291
5.25126306433576,2,2,292
2.97473820573586,2,7,293
4.28863440181792,2,2,294
2.47426153325327,2,8,295
4.56761919289325,2,4,296
2.0978187420272,2,3,297
5.91504539037149,2,5,298
6.22387655193431,2,1,299
2.09014932878712,2,9,300
3.06425769075903,2,8,301
2.01066058815034,2,5,302
2.24656441670476,2,1,303
3.3741927005439,2,8,304
4.86787191381581,2,5,305
1.3032090744441,2,6,306
6.37921040062361,2,1,307
2.13986865244994,2,6,308
1.34564791321681,2,7,309
4.25829829757196,2,7,310
4.4778983860298,2,1,311
2.42740058810089,2,2,312
2.03598881038602,2,11,313
2.94276751972047,2,11,314
1.53540495530527,2,2,315
0.457979653983204,2,11,316
3.60582530808102,2,7,317
2.39421259662864,2,6,318
7.26609299164229,2,3,319
4.56072104432414,2,7,320
3.59671414527822,2,7,321
4.69162564700998,2,7,322
1.11583762999365,2,7,323
6.57468088822342,2,3,324
2.94582122007411,2,7,325
1.56168822012731,2,2,326
4.79291830916288,2,9,327
3.45501334304106,2,11,328
4.42300606939429,2,10,329
5.85925000771316,2,3,330
5.60255785307959,2,1,331
6.59613211783801,2,1,332
7.55016833395215,2,8,333
6.60803641725587,2,4,334
2.45913207067025,2,1,335
6.22349157468561,2,6,336
1.91762653474038,2,1,337
1.83622987007205,2,9,338
8.67878150247248,2,10,339
1.92445821203369,2,7,340
2.8722262240992,2,8,341
3.11212635055691,2,7,342
2.10936005116206,2,6,343
1.59934993753049,2,1,344
3.63157715537589,2,9,345
1.69540865919788,2,6,346
4.79919725653405,2,3,347
3.20367893358414,2,10,348
1.36468417961822,2,1,349
1.33527412045648,2,4,350
2.98795487748002,2,9,351
1.78870158943988,2,11,352
2.4525053585675,2,1,353
3.91500717085952,2,7,354
2.14288159196811,2,1,355
5.36574396378143,2,8,356
2.60179144218922,2,2,357
4.19094909163562,2,8,358
4.78034337722332,2,1,359
6.50883234064464,2,1,360
2.84992566607112,2,4,361
4.76126781615915,2,4,362
5.03090106323448,2,5,363
4.69633846416733,2,1,364
5.30903995708171,2,9,365
5.22258129398421,2,5,366
0.708942903995093,2,8,367
1.18325349251774,2,1,368
4.82347351807653,2,1,369
3.18156768905866,2,4,370
2.73111537336205,2,1,371
5.43151727297517,2,8,372
2.47402594263404,2,5,373
4.06671346399489,2,1,374
2.83635475390759,2,9,375
3.6580065720519,2,8,376
2.92690708481197,2,8,377
1.72123708359355,2,5,378
5.92666785031207,2,8,379
7.72177058254641,2,2,380
5.04122970711645,2,6,381
1.53229387566581,2,6,382
2.83979496536457,2,3,383
0.13079352737965,2,6,384
1.27000821843294,2,6,385
4.85753879970446,2,9,386
4.93279478642826,2,1,387
1.91608941380189,2,3,388
1.66575234140046,2,1,389
1.16017153971933,2,4,390
5.40094721635248,2,4,391
2.04559287989933,2,1,392
5.72734883865739,2,5,393
7.31186195445649,2,1,394
4.37189483756495,2,8,395
1.01815005856196,2,7,396
4.8348619520612,2,11,397
3.78679908129843,2,8,398
5.72456317770747,2,3,399
3.68030996657181,2,3,400
3.18968817679376,2,7,401
3.65416874431193,2,1,402
3.99685015656285,2,1,403
4.53254358913345,2,5,404
1.77993428111314,2,5,405
3.12570935152263,2,1,406
5.54147254755761,2,3,407
5.91786062088591,2,6,408
5.43778894748796,2,8,409
4.86812929481182,2,2,410
2.60569429061205,2,3,411
1.86376196140069,2,8,412
5.7342934974753,2,10,413
4.13276431987851,2,7,414
2.04619643279627,2,10,415
4.84382961899774,2,11,416
3.08616366260931,2,10,417
3.25789007373179,2,8,418
3.98442682673461,2,7,419
2.64672937074411,2,1,420
5.56964554087042,2,8,421
4.4460224416142,2,9,422
3.22572101326475,2,7,423
1.63687129396937,2,5,424
1.55562064786308,2,7,425
2.35984735213828,2,1,426
1.65706617844202,2,5,427
5.09482036399644,2,6,428
2.58357878229268,2,1,429
3.12359721101076,2,6,430
1.93281576296822,2,8,431
3.27455761779044,2,2,432
2.22913076283008,2,9,433
4.1065654221184,2,1,434
2.2495787095572,2,10,435
3.31161144529063,2,8,436
1.25320501326431,2,9,437
2.81614245575235,2,11,438
4.55624069411391,2,1,439
3.04510080790637,2,7,440
4.68647111067735,2,10,441
4.0985071975357,2,10,442
2.46799288154711,2,8,443
2.83610995801291,2,2,444
2.83952962007913,2,2,445
3.50964804187664,2,2,446
2.98683024114434,2,10,447
3.44969964735356,2,2,448
4.59761232994146,2,11,449
3.99963678703383,2,9,450
4.75898846985063,2,11,451
1.76204273528373,2,10,452
4.8389072027173,2,2,453
4.68980967016451,2,8,454
3.17434198156723,2,10,455
2.80786526031761,2,9,456
6.3091503883315,2,8,457
0.915799464824295,2,5,458
6.8323906448161,2,3,459
3.91124538076506,2,8,460
5.92327755578393,2,4,461
1.41358223446296,2,11,462
6.50943116700729,2,8,463
0.995162806172898,2,11,464
4.38879316211515,2,6,465
3.83172214300782,2,2,466
3.05944094518155,2,1,467
1.85239692413234,2,1,468
8.17129339963429,2,2,469
2.54426015772903,2,4,470
2.21540911951464,2,10,471
1.16947062598281,2,3,472
0.717859544356278,2,1,473
0.81764670409084,2,5,474
6.19717821508106,2,8,475
5.02881162419573,2,8,476
4.40267777428746,2,2,477
0.435801662853249,2,8,478
1.18809211221389,2,2,479
2.76513198373616,2,5,480
2.61967791629302,2,9,481
2.83638718541587,2,2,482
2.53888525072632,2,5,483
1.83616365809992,2,11,484
2.40775429824097,2,9,485
3.49322734564128,2,5,486
4.57175647744998,2,8,487
1.89626747092169,2,5,488
4.88031360340014,2,6,489
1.09698728000214,2,1,490
2.22908960726028,2,8,491
3.46933083428264,2,7,492
4.52759774259299,2,1,493
6.01565809256353,2,9,494
3.65664017074479,2,7,495
3.52977296467319,2,10,496
6.92908450957474,2,2,497
2.09572405778331,2,7,498
5.33877241134985,2,7,499
1.42764019888408,2,1,500
6.58534578984623,2,1,501
7.61804926882049,2,1,502
3.68171727129835,2,7,503
3.23373897722807,2,11,504
4.19848126202796,2,2,505
4.47696389920536,2,5,506
1.72539966572808,2,5,507
3.67017566742422,2,10,508
3.66155362391508,2,5,509
1.01367947279947,2,8,510
7.77798426635102,2,2,511
3.50390937478609,2,3,512
1.56339003697203,2,11,513
3.49275136377897,2,1,514
2.85945950304412,2,2,515
5.57035817573576,2,1,516
3.76117917774559,2,8,517
1.84896510207037,2,8,518
3.24035853728726,2,2,519
1.6144353641995,2,11,520
2.18617678959322,2,11,521
1.62503590295982,2,1,522
1.69983847533809,2,1,523
2.70514723744849,2,5,524
5.11011719694259,2,2,525
3.91832385843043,2,3,526
4.60155754646805,2,11,527
4.37464515322212,2,4,528
3.28379738453849,2,8,529
0.789628169522892,2,1,530
1.99114237270099,2,9,531
5.13135873039325,2,1,532
2.51593681220507,2,1,533
2.57531183144934,2,10,534
5.13020457183011,2,2,535
5.68459363265182,2,3,536
2.8816447062974,2,4,537
1.97625197686061,2,11,538
1.58295343461002,2,11,539
6.1145463429716,2,7,540
7.93091316294417,2,11,541
3.98347566971137,2,3,542
3.0539275350449,2,8,543
3.67076375106481,2,1,544
4.49555832885443,2,8,545
1.35862239031916,2,1,546
3.72616407351736,2,6,547
1.47413826684711,2,1,548
1.21639714855919,2,1,549
0.909417395425237,2,7,550
3.99721821240438,2,1,551
3.62811674861084,2,9,552
1.25753614159413,2,9,553
3.46842071334731,2,1,554
0.90356803322439,2,1,555
4.78959118723726,2,11,556
1.52344086174048,2,10,557
3.8621218115825,2,11,558
1.65936346815393,2,9,559
2.84677716939106,2,6,560
2.39816837337285,2,7,561
6.36623289750165,2,1,562
2.67619590551386,2,2,563
2.41674356898643,2,2,564
5.46094581456561,2,5,565
1.09881698217562,2,8,566
1.95169704091899,2,1,567
3.03238437109619,2,7,568
2.3909065264053,2,11,569
2.17075952201547,2,9,570
8.69136951388441,2,2,571
2.23919580499152,2,7,572
4.84814576641852,2,5,573
2.53748345491175,2,1,574
6.28703779195989,2,1,575
1.07366820874641,2,5,576
5.5054868322973,2,8,577
3.6212017668174,2,1,578
4.7814911358821,2,11,579
5.58098080331001,2,1,580
1.80200801338012,2,11,581
6.55967792017638,2,1,582
3.40695706695058,2,8,583
3.18854525818485,2,5,584
2.78528304472661,2,10,585
1.38873113426174,2,2,586
5.44388464530612,2,3,587
4.05475746516446,2,11,588
2.83987002376137,2,6,589
2.45024214005874,2,5,590
4.85941931581695,2,5,591
3.1817358386189,2,4,592
3.00295337311864,2,8,593
2.44304556871638,2,5,594
0.179640053427646,2,7,595
4.72208175289429,2,11,596
5.2428265985104,2,9,597
2.63297995073473,2,10,598
3.66026426808264,2,8,599
0.897248191784096,2,7,600
7.08800063982551,2,2,601
2.80482685622005,2,11,602
5.5927323858428,2,5,603
9.88291406706649,2,1,604
4.9619414516111,2,8,605
2.86028771332682,2,11,606
3.52948831862817,2,7,607
2.90857223527966,2,1,608
2.68419392406847,2,7,609
6.42847126404771,2,4,610
3.23165688206469,2,7,611
1.20162709422461,2,11,612
1.42223504642022,2,7,613
5.26608084549065,2,9,614
4.45182177531845,2,8,615
2.35546509433297,2,7,616
4.95923690406896,2,10,617
3.23222949781761,2,7,618
5.61086890097445,2,1,619
0.555189977274797,2,8,620
4.29848591165182,2,6,621
1.33350401510366,2,11,622
3.14779135843565,2,5,623
4.12085733094103,2,1,624
4.57276612476531,2,8,625
2.25561922730609,2,1,626
1.33560640863779,2,4,627
2.73096050162532,2,8,628
3.8335124030666,2,1,629
1.11088506144449,2,1,630
2.9071959906809,2,8,631
4.66083096965583,2,2,632
2.44565724610623,2,3,633
3.21540644782388,2,6,634
1.42296088315602,2,5,635
3.49487997967842,2,6,636
1.87217607093632,2,5,637
5.38383142542454,2,9,638
4.68083399265349,2,7,639
2.12722979173439,2,1,640
2.08001139241704,2,2,641
3.71914565807811,2,2,642
2.25825071013532,2,2,643
2.51216033399711,2,1,644
0.409334184097379,2,1,645
1.63327321038492,2,1,646
4.4712644764543,2,4,647
2.70600448844524,2,9,648
3.62493160624495,2,5,649
2.84285815590502,2,1,650
2.62155703487084,2,2,651
3.18825936112631,2,5,652
4.12008205173827,2,1,653
3.39482428812947,2,1,654
2.97941313381953,2,1,655
2.90388797861679,2,1,656
7.45352918328731,2,9,657
1.56088020843021,2,1,658
2.34608132986326,2,6,659
2.81196549556393,2,2,660
6.31574017402624,2,11,661
3.18740668439311,2,11,662
3.06403254639658,2,6,663
2.31143780391944,2,4,664
2.96031863813681,2,5,665
4.2196872893791,2,7,666
5.37141906291989,2,9,667
6.27593695237461,2,2,668
1.72147856187947,2,8,669
2.18966564304154,2,1,670
3.00969310719279,2,7,671
4.65611064978963,2,1,672
2.00767588993443,2,1,673
2.76690150819628,2,11,674
1.37790144819327,2,3,675
2.29058304802446,2,1,676
4.51870149968698,2,11,677
5.10739451696513,2,11,678
6.35950277129458,2,7,679
1.12001615632344,2,7,680
2.96136123347514,2,1,681
2.75392244156339,2,9,682
2.60149601595055,2,2,683
3.67131983147452,2,2,684
5.33015026435894,2,9,685
2.70224666979238,2,5,686
2.4688022559651,2,9,687
2.97118173561604,2,7,688
3.698181223041,2,4,689
2.80571377208049,2,2,690
1.57629386792394,2,10,691
3.14272569766034,2,4,692
1.10985647815624,2,2,693
3.99420937617406,2,7,694
1.51727276737471,2,1,695
2.81331179381937,2,7,696
1.56610012633552,2,11,697
4.14552985671751,2,1,698
1.5257646573652,2,1,699
0.449204778470324,2,3,700
3.97078225757478,2,1,701
3.53313969521775,2,1,702
1.29343172188737,2,5,703
0.828045232664586,2,10,704
3.98763282049007,2,4,705
1.12568269447384,2,4,706
5.07740099624515,2,8,707
3.24377343651223,2,1,708
8.60646893023731,2,1,709
1.76842783860493,2,9,710
5.03301336839594,2,7,711
0.468115542268049,2,4,712
3.11127569116283,2,7,713
0.916451292771629,2,5,714
4.76206984228205,2,1,715
3.43912651394952,2,1,716
0.437467398077221,2,11,717
2.23499784785129,2,4,718
0.923028357385916,2,8,719
0.971748956224374,2,1,720
4.13220137740336,2,7,721
2.85847632585937,2,11,722
2.74955885518199,2,8,723
2.96774544204259,2,3,724
1.06807963473095,2,10,725
3.81342944467942,2,11,726
3.87864397770672,2,6,727
3.58448074490635,2,2,728
1.00175473165218,2,1,729
1.04775566540358,2,5,730
3.39914506603636,2,8,731
5.7816105675945,2,8,732
2.77763790745638,2,1,733
4.48098158233182,2,8,734
3.15441877094788,2,10,735
4.63976910916917,2,1,736
8.07554043254162,2,1,737
1.26208472163576,2,2,738
2.76753098249981,2,9,739
4.33402904195596,2,1,740
1.07970093892466,2,10,741
1.78830276794909,2,1,742
2.3875360288738,2,9,743
3.47072170397388,2,7,744
2.66160977628616,2,6,745
1.85060135465723,2,2,746
3.23904474304943,2,5,747
2.84056676633375,2,8,748
4.06741974208593,2,4,749
3.63009479527067,2,1,750
1.43811894421708,2,10,751
2.21433468766618,2,5,752
0.807819684550535,2,11,753
4.67584571582482,2,7,754
3.19074593367215,2,8,755
2.68361458726748,2,1,756
5.7369479376944,2,5,757
3.34962217184701,2,7,758
2.96313424122362,2,1,759
2.22544559833351,2,8,760
1.81786004297567,2,1,761
5.36386740017229,2,7,762
4.45608847667664,2,8,763
1.1165799297313,2,10,764
1.3242340242247,2,7,765
4.62852156094792,2,8,766
3.2135924152349,2,5,767
1.59809205575178,2,11,768
1.44607427515556,2,3,769
0.95899861847388,2,10,770
5.30424157608434,2,8,771
1.76418521024096,2,10,772
0.961990274859963,2,7,773
2.58249110404289,2,9,774
0.852731216649081,2,11,775
3.71571571931931,2,2,776
4.33525686762669,2,9,777
3.71578637349092,2,8,778
3.6268146692806,2,11,779
4.72402010503943,2,5,780
2.56383082380877,2,10,781
0.471395989813282,2,5,782
3.98407400606672,2,6,783
3.08891691166386,2,5,784
1.15073806561712,2,1,785
3.06733653768882,2,9,786
1.99592121147845,2,7,787
2.09267413450042,2,11,788
3.41483931190179,2,1,789
2.54675325560447,2,2,790
1.10207549616954,2,9,791
2.16232704992355,2,11,792
4.82416366745625,2,3,793
2.20264297728808,2,5,794
3.03698763917884,2,7,795
2.98827272075964,2,10,796
2.16359504704423,2,2,797
2.60048105781091,2,1,798
9.56749119404634,2,3,799
1.15490532809974,2,3,800
1.95513035491448,2,8,801
0.417625325310467,2,8,802
5.54576281399799,2,9,803
4.90641955458085,2,9,804
1.61431272495531,2,5,805
3.99314132195968,2,10,806
2.13592382680082,2,5,807
1.51049377199787,2,8,808
3.72679746825492,2,9,809
0.518195240625144,2,11,810
1.31981742239413,2,1,811
2.00326931434198,2,1,812
1.71037008681357,2,1,813
0.307621576797512,2,8,814
1.38140043215658,2,7,815
2.27323640666306,2,9,816
2.23871998761171,2,1,817
3.20824770526826,2,7,818
3.85855163567419,2,8,819
2.21483537450464,2,5,820
2.24965698477745,2,5,821
2.64229264199404,2,9,822
6.04447633792523,2,2,823
7.23522567154091,2,4,824
4.90746216188299,2,9,825
2.03332130130997,2,11,826
2.2299021182255,2,1,827
0.896571431879804,2,8,828
2.20296870103931,2,7,829
2.00296076155566,2,11,830
5.51008288444313,2,7,831
1.80270358599998,2,11,832
2.85061050776693,2,9,833
2.4404790884261,2,11,834
1.31671087255169,2,5,835
0.232808123464778,2,1,836
4.95338836743611,2,1,837
5.22663548128483,2,2,838
2.75279894887076,2,1,839
0.800116141481226,2,9,840
5.15368148632818,2,11,841
4.19469813320835,2,1,842
3.41509172958319,2,4,843
2.80442542154715,2,9,844
4.07518595258788,2,8,845
0.836454059052922,2,1,846
2.13536904938212,2,5,847
1.91377022729886,2,1,848
2.74709809690118,2,8,849
3.53837966513336,2,11,850
1.3956898437958,2,7,851
2.66948890291407,2,7,852
1.73722165757351,2,8,853
0.710561893230119,2,10,854
0.555569128487934,2,1,855
0.0199480484790252,2,10,856
2.05187428959331,2,9,857
2.41569570131875,2,11,858
2.80975387487106,2,1,859
2.48930919683923,2,8,860
2.60342941486933,2,1,861
1.06586308107429,2,2,862
0.795778536800459,2,9,863
4.49120902911314,2,9,864
1.26264153826172,2,1,865
0.165591351860392,2,10,866
0.365216294967411,2,5,867
2.95981010895958,2,2,868
3.63918278756127,2,5,869
0.815031348414714,2,11,870
0.498525982432021,2,2,871
1.54009426299977,2,2,872
4.0441302546019,2,11,873
2.24590338611164,2,1,874
2.14038380882424,2,8,875
3.88422713775264,2,7,876
3.82231267456579,2,11,877
1.15248206119261,2,2,878
1.20651838838674,2,3,879
2.15654530149026,2,1,880
0.863586179054619,2,1,881
3.39405252269998,2,1,882
1.03500398303624,2,9,883
0.0993793591398666,2,2,884
0.676317463037667,2,9,885
1.02041290577777,2,2,886
3.2085741563536,2,1,887
6.49864898757005,2,11,888
1.92588878935822,2,8,889
1.01151256145748,2,3,890
2.50707862459481,2,9,891
1.50686644559889,2,6,892
1.24818712112217,2,7,893
2.46339597228229,2,2,894
2.96033553389935,2,10,895
1.06344354211711,2,9,896
3.62444625928713,2,11,897
0.507536452503072,2,1,898
1.67879821483829,2,1,899
1.26614421720628,2,9,900
3.73317306711478,2,1,901
1.08926012736963,2,1,902
2.13084568506331,2,10,903
3.0742196759253,2,3,904
1.71611756616326,2,8,905
1.44219837946593,2,1,906
1.70768996415105,2,8,907
NaN,2,1,908
1.90225222989108,2,1,909
0.409181576854641,2,11,910
1.28236777925635,2,9,911
0.270597168736431,2,9,912
3.28430688268523,2,10,913
1.72233675698755,2,5,914
2.66575584412359,2,9,915
1.94324457526656,2,10,916
0.976683818715241,2,5,917
1.01915026114904,2,11,918
5.00165662259736,2,8,919
1.82563855878054,2,1,920
4.67712595366627,2,2,921
2.96378085055696,2,1,922
4.26123361244144,2,8,923
3.25516804618106,2,1,924
0.231988907350211,2,10,925
0.9799437646788,2,3,926
0.889535626135574,2,8,927
0.596980861659967,2,7,928
3.77865436226271,2,11,929
1.98504141202776,2,3,930
0.75035195055437,2,9,931
1.37562424484521,2,1,932
0.671032994926915,2,1,933
0.793735852275964,2,2,934
7.68984709642819,2,8,935
3.86540673710032,2,1,936
3.37107881254651,2,8,937
3.52078170757377,2,5,938
0.544481667297196,2,1,939
2.96918468039336,2,2,940
2.28336974839144,2,8,941
1.94774103942085,2,1,942
0.876295901089836,2,11,943
0.944476061705024,2,1,944
3.18213130121309,2,9,945
2.39719803717118,2,1,946
0.60608532981604,2,7,947
2.8376005809224,2,11,948
1.10477954785041,2,5,949
5.15117949939385,2,8,950
0.920275958047494,2,5,951
4.0032114688232,2,9,952
2.23633926605435,2,2,953
4.94976003012729,2,8,954
0.877640187100174,2,1,955
3.51242980764315,2,4,956
0.165895922818888,2,5,957
1.60793274836374,2,9,958
5.43930717150503,2,2,959
2.39933135081373,2,5,960
1.71638903652561,2,9,961
2.90009453972894,2,3,962
0.476278308713084,2,9,963
1.57794111695093,2,2,964
1.85530202250488,2,10,965
2.95053847295894,2,10,966
1.59024219285365,2,7,967
1.32507185424612,2,8,968
1.93440662370047,2,1,969
1.91921780159469,2,3,970
7.62452513696996,2,7,971
2.88704769159778,2,9,972
2.28853343752747,2,11,973
1.16340354101242,2,1,974
0.940122231137346,2,9,975
1.51541540222231,2,9,976
7.69587991803433,2,2,977
0.541509297028113,2,8,978
1.90188199650478,2,4,979
2.06971461108841,2,8,980
4.50391042024745,2,2,981
3.16692563979383,2,3,982
3.51496286023325,2,10,983
2.48054046887448,2,3,984
1.86112056118327,2,5,985
1.97067737903171,2,2,986
2.00682722464381,2,5,987
0.162113945559808,2,2,988
1.54600449412861,2,5,989
3.23577148467728,2,8,990
2.60156188388945,2,3,991
1.81060740363756,2,11,992
1.81066585952271,2,4,993
0.582085377870184,2,1,994
1.55339553606926,2,11,995
1.47053219212265,2,9,996
3.02371408870881,2,5,997
0.369069537737228,2,9,998
1.80869478471676,2,5,999
5.65138911470904,2,10,1000
1.84431936748714,2,1,1001
2.38007642127489,2,2,1002
1.26549046910043,2,1,1003
7.04792508006806,2,1,1004
0.142342189164406,2,1,1005
3.32104100004202,2,1,1006
3.35046134275082,2,2,1007
3.75272037495231,2,1,1008
2.29744568051487,2,11,1009
1.48315620462677,2,11,1010
0.416477894946927,2,10,1011
3.15563884178918,2,1,1012
1.45682751078141,2,2,1013
2.27402734956292,2,11,1014
1.11206635210326,2,4,1015
0.708555298954299,2,10,1016
5.00546129163941,2,10,1017
2.70339742420839,2,4,1018
2.78916839636305,2,2,1019
2.62350012448882,2,1,1020
2.03881815325269,2,8,1021
3.20314967070952,2,7,1022
1.92229885353482,2,2,1023
1.18579340008177,2,10,1024
0.788939741083271,2,1,1025
3.52651814644079,2,8,1026
4.37376151541731,2,5,1027
0.304923715720687,2,9,1028
4.1902484446519,2,9,1029
4.44958019391326,2,2,1030
2.76772898231153,2,4,1031
1.16248403837859,2,5,1032
3.35058266632378,2,1,1033
0.69825857291814,2,2,1034
4.12702009113072,2,2,1035
1.50906403501979,2,11,1036
1.82581676781571,2,3,1037
2.35200312141791,2,3,1038
3.97099899540847,2,8,1039
1.64993231364966,2,4,1040
0.719315101042968,2,8,1041
3.43131130445437,2,1,1042
9.34217640562037,2,4,1043
1.61101189502007,2,1,1044
2.26444855820128,2,2,1045
0.863682339827739,2,1,1046
2.37025972462378,2,8,1047
3.67358414159092,2,10,1048
2.58081694247807,2,11,1049
0.871919901612915,2,9,1050
3.90007540733207,2,1,1051
0.801259564868684,2,10,1052
0.681221573191653,2,10,1053
2.56725649042826,2,1,1054
2.94616328768938,2,5,1055
2.99007545879321,2,11,1056
0.467968850518749,2,7,1057
4.33420973636658,2,1,1058
0.971937525369799,2,2,1059
1.31521489901685,2,7,1060
5.20143277384058,2,5,1061
3.54457594027847,2,11,1062
4.20066544686974,2,9,1063
1.77625993368918,2,3,1064
2.90702201505975,2,11,1065
1.11489984995276,2,2,1066
1.44408942814004,2,1,1067
3.9993872695154,2,2,1068
2.41579037343495,2,8,1069
1.52067678159482,2,8,1070
1.94228749765323,2,4,1071
2.10376290110136,2,5,1072
0.118658264147289,2,1,1073
2.12900661338134,2,9,1074
0.420992478496728,2,7,1075
1.42658719045164,2,8,1076
2.93188823400696,2,5,1077
2.49792440212856,2,7,1078
5.64708257036449,2,2,1079
1.692097319426,2,4,1080
3.08934949178392,2,9,1081
2.22121803404126,2,2,1082
1.2653283680494,2,8,1083
2.10287892600181,2,2,1084
1.38455467849189,2,2,1085
2.09471238119902,2,5,1086
0.737797140464139,2,4,1087
3.81989349331694,2,5,1088
2.54190452066277,2,5,1089
3.5200407326737,2,5,1090
2.31272062203014,2,8,1091
0.461095102397344,2,9,1092
0.846939223703161,2,9,1093
1.39755753959178,2,1,1094
0.8846514164792,2,9,1095
3.52945407709562,2,1,1096
5.96500561722759,2,5,1097
2.06379643569673,2,11,1098
1.55760198954391,2,5,1099
0.521138082149189,2,5,1100
0.446450033964717,2,4,1101
1.70745760403278,2,8,1102
5.76036871078482,2,8,1103
0.634141723852756,2,10,1104
3.83659232805594,2,8,1105
5.32577358376152,2,8,1106
0.400350932590254,2,1,1107
1.5871572782786,2,3,1108
0.600103489110039,2,9,1109
2.58523071434371,2,1,1110
1.06150711257899,2,2,1111
8.24656497111133,2,10,1112
1.39436619694043,2,7,1113
1.14463235668377,2,1,1114
1.1831200353581,2,2,1115
0.761763789274823,2,1,1116
4.79580217425635,2,2,1117
1.3344841083134,2,5,1118
0.767637246613373,2,11,1119
0.282062628880196,2,10,1120
0.675635150251254,2,8,1121
2.73748983483806,2,10,1122
1.57735887088988,2,9,1123
0.217267135252281,2,9,1124
0.658438558537322,2,2,1125
0.663308039386556,2,2,1126
3.49349189601016,2,7,1127
0.718905559489476,2,8,1128
1.87035588812605,2,4,1129
1.60265278822227,2,10,1130
0.94647121492691,2,7,1131
1.44359899825592,2,5,1132
2.16549275940347,2,9,1133
3.85168383326846,2,9,1134
1.04266711130276,2,10,1135
2.00591335969862,2,1,1136
1.14914700758221,2,1,1137
1.44610094208505,2,5,1138
1.29406754464507,2,11,1139
0.939204312549075,2,9,1140
1.71932271739709,2,1,1141
3.65780885461279,2,8,1142
4.75975401164987,2,9,1143
0.763574093210105,2,1,1144
2.11366896780673,2,5,1145
1.04706140946579,2,1,1146
2.42270166663656,2,2,1147
1.01972063561958,2,1,1148
2.09950140524408,2,10,1149
3.28420856639015,2,8,1150
3.5976338398472,2,4,1151
1.03497650595583,2,2,1152
2.81397448988366,2,11,1153
0,2,2,1154
2.14427809904119,2,9,1155
1.32848467693566,2,2,1156
1.50036928262719,2,1,1157
1.74561804613881,2,2,1158
NaN,2,11,1159
1.62433317125724,2,4,1160
3.08093691890535,2,2,1161
NaN,2,5,1162
2.49392144513347,2,1,1163
2.82058064769424,2,7,1164
0.0818541604674415,2,2,1165
1.29844310571207,2,5,1166
0.431125448558603,2,5,1167
0.637044397162204,2,7,1168
1.39735220921569,2,5,1169
1.68784036622138,2,9,1170
4.16193372286069,2,1,1171
1.87139661076513,2,1,1172
2.60894497102186,2,5,1173
0.798960261948627,2,1,1174
4.1997027877756,2,1,1175
1.17879480648331,2,10,1176
0.733772617901889,2,1,1177
6.32277308227627,2,10,1178
2.15697135700209,2,7,1179
0.414089078537469,2,10,1180
2.5928803473131,2,1,1181
0.142728521642355,2,7,1182
1.81431125898234,2,4,1183
0.538326159062928,2,1,1184
NaN,2,5,1185
2.02926588599762,2,1,1186
0.90148973734982,2,1,1187
6.27261898883759,2,1,1188
1.09912511704054,2,8,1189
4.424252506274,2,1,1190
1.49152543556949,2,1,1191
0.8247665801001,2,11,1192
1.83141167727637,2,5,1193
1.10831852013957,2,8,1194
3.63996561727261,2,5,1195
1.93826129122375,2,10,1196
0.561618377090692,2,10,1197
1.76308945181578,2,5,1198
3.28808668785508,2,2,1199
0.468037812805789,2,1,1200
2.42453367086507,2,1,1201
0.678944523021265,2,1,1202
2.57137972438422,2,6,1203
3.85432740762755,2,11,1204
0.946807482220454,2,1,1205
4.7263233124613,2,7,1206
2.29136121870512,2,1,1207
0.293107447788803,2,1,1208
0.0779071645923055,2,1,1209
1.09158775559739,2,1,1210
NaN,2,1,1211
2.75288416233511,2,1,1212
1.63386783343479,2,3,1213
1.3318834351524,2,11,1214
1.58580192583497,2,1,1215
1.13340459679744,2,1,1216
1.63498651555392,2,9,1217
0.0771281344875122,2,10,1218
1.52662593887198,2,10,1219
0.550715715021099,2,10,1220
1.8981309841494,2,7,1221
1.3851516552381e-104,2,2,1222
NaN,2,1,1223
1.12396826488122,2,1,1224
0.485771258566663,2,1,1225
0.657172020216337,2,1,1226
0.694753443563277,2,11,1227
1.40188077476165,2,5,1228
3.13373133965279,2,5,1229
NaN,2,1,1230
0.614795351228495,2,10,1231
3.73402185448688e-18,2,1,1232
0,2,10,1233
0.0549525211261289,2,1,1234
0.21431617864501,2,1,1235
2.67527122492777,2,10,1236
2.35933909905096,2,1,1237
0.174493219411787,2,5,1238
3.94730764470468e-45,2,1,1239
0.494615128316464,2,1,1240
1.54299348896533,2,5,1241
0.593034993936018,2,1,1242
0,2,10,1243
1.37140231136633,2,9,1244
0.206371036698488,2,9,1245
0.0979550765383426,2,1,1246
0,2,1,1247
8.51080248763787e-216,2,1,1248
